sigma = 0.013385 full
sigma = 0.019704